k=1
40.751855731,	-73.9716634239


k=2
40.7542632626,	-73.9803264264
40.7125500457,	-73.8302300744


k=3
40.7403684087,	-73.9908810044
40.6479977989,	-73.7855704972
40.7732572478,	-73.9589120393


k=4
40.7702221012,	-73.9691478758
40.6467821514,	-73.784651634
40.7364936022,	-73.9930922823
40.769987592,	-73.8731657183


k=5
40.7697927187,	-73.8720299129
40.755733582,	-73.982257204
40.6467709511,	-73.7846090313
40.7791774911,	-73.9608640522
40.7265346633,	-73.9969971364


k=6
40.7698736185,	-73.8717979982
40.7437612784,	-73.9912467909
40.646767495,	-73.7846044409
40.7809113431,	-73.9587834441
40.717098687,	-73.9993099551
40.7615410387,	-73.9771551482


k=7
40.6467661857,	-73.7846121125
40.7736578933,	-73.9553230601
40.7417068498,	-73.9919493306
40.770288517,	-73.8708064024
40.759559425,	-73.9788898815
40.7156188271,	-73.999840716
40.7912863446,	-73.971299868


k=8
40.7432392752,	-73.991200364
40.7705756117,	-73.8706902205
40.7913382162,	-73.9713995868
40.6467712326,	-73.7844230113
40.6903160912,	-73.9704763401
40.7600208455,	-73.978205656
40.7205619248,	-74.002404604
40.7739840557,	-73.9550955463


k=9
40.7945101856,	-73.9674992859
40.7564925088,	-73.972511348
40.6467712326,	-73.7844230113
40.7201091827,	-74.0027231129
40.770461781,	-73.8706494254
40.7649607912,	-73.9853728989
40.7740751749,	-73.9549377311
40.7421181186,	-73.9915171268
40.6898006499,	-73.9707231095


k=10
40.7145757064,	-74.0081722645
40.7735035467,	-73.9552712981
40.6467648107,	-73.7844114025
40.7703706295,	-73.8706188409
40.7333329712,	-73.9933139086
40.7573892532,	-73.9738304614
40.6901038436,	-73.9695283275
40.7774609383,	-73.9806639157
40.8004812569,	-73.9598180868
40.7519999119,	-73.9905417779


k=11
40.7329370683,	-73.9865189702
40.7737213234,	-73.9550713487
40.6467658166,	-73.7844155178
40.7581356815,	-73.9730178857
40.7703566623,	-73.8706132197
40.7777327476,	-73.9804725241
40.7390028457,	-74.0013171294
40.8006726105,	-73.9597277504
40.6885630473,	-73.9702344415
40.7152445924,	-74.0071302466
40.7534727457,	-73.9889431369


k=12
40.7461777109,	-73.9965577829
40.6467658166,	-73.7844155178
40.8079617126,	-73.9528288239
40.7702571678,	-73.8705879267
40.7624782647,	-73.9857046846
40.7130721287,	-74.0097538426
40.7748453092,	-73.9542838008
40.7465690482,	-73.9803100811
40.689455986,	-73.9698021278
40.7288335615,	-73.9934465624
40.7851062067,	-73.9760699608
40.7605562351,	-73.9694484795


k=13
40.7462172812,	-73.9965400703
40.6467541204,	-73.7844241768
40.7757054038,	-73.9555224739
40.7710473437,	-73.8690978052
40.7288548059,	-73.9934534266
40.7625475644,	-73.9857207561
40.760510574,	-73.9695884164
40.713121227,	-74.009796819
40.808262326,	-73.9526806028
40.7529789061,	-73.9255697185
40.6889181027,	-73.9709437685
40.7465804579,	-73.9803243592
40.7851963659,	-73.9760113644


k=14
40.7871929114,	-73.9746697465
40.6467548095,	-73.7844196634
40.7509305,	-73.9924594463
40.771064501,	-73.8690754527
40.7615579775,	-73.9681598409
40.7134086955,	-74.0089128039
40.7495932155,	-73.9783039924
40.8096471004,	-73.9507853527
40.7659669405,	-73.9836735299
40.6881547009,	-73.9710236717
40.7362309249,	-74.0023553071
40.7760836331,	-73.9552250252
40.7301596552,	-73.9883414543
40.7529624826,	-73.9253743805


k=15
40.7658420558,	-73.9624973412
40.6467541204,	-73.7844241768
40.7705460265,	-73.9830557635
40.7420165909,	-73.98393292
40.7709899358,	-73.869089312
40.7384987813,	-74.0015970709
40.7787789151,	-73.953878929
40.7541682694,	-73.99122211
40.8128561076,	-73.947276842
40.713334433,	-74.0096780674
40.7565020585,	-73.9749180668
40.7263742359,	-73.9906001745
40.6885511512,	-73.971036069
40.7903411587,	-73.9724341839
40.7527902597,	-73.9255505104


k=16
40.7566252701,	-73.9749231891
40.6467541204,	-73.7844241768
40.7255283076,	-73.9924140263
40.770993761,	-73.8690831747
40.7789642014,	-73.9537387731
40.739511099,	-74.001570736
40.7407220533,	-73.9841282038
40.790780511,	-73.9720465823
40.7543444357,	-73.9907355107
40.6886030787,	-73.9708721764
40.7020354312,	-74.204552088
40.771330306,	-73.9829762398
40.7660736443,	-73.9622979575
40.8136251826,	-73.9466661909
40.7130674388,	-74.0095357233
40.7529724107,	-73.9253537071


k=17
40.7891001964,	-73.9733911015
40.6467403504,	-73.7843346351
40.7241552834,	-73.997382604
40.7709822433,	-73.8690909333
40.7596637787,	-73.970694379
40.7803105511,	-73.952899678
40.7408528425,	-74.001463154
40.7692433111,	-73.9596350586
40.7492010277,	-73.9787056118
40.7680814074,	-73.9830386738
40.8130132195,	-73.948368173
40.711752886,	-74.0112213725
40.7546362758,	-73.9250191917
40.7534562915,	-73.991215355
40.7348795891,	-73.9866029978
40.7058841999,	-73.9481026927
40.6817298476,	-73.9841561259


k=18
40.7543589527,	-73.9905386653
40.7709757794,	-73.8690900823
40.6467403504,	-73.7843346351
40.7687926053,	-73.9600031642
40.7907356393,	-73.9720779989
40.7711988029,	-73.9830655265
40.7242662543,	-73.9976654656
40.8141057761,	-73.9467395907
40.7483385926,	-73.9788561035
40.7058739438,	-73.9480941989
40.7801366092,	-73.9529683885
40.7344648072,	-73.9867263083
40.759680537,	-73.9721171556
40.6817291294,	-73.9841264168
40.7411585204,	-74.001122044
40.7118581574,	-74.0106010056
40.7020354312,	-74.204552088
40.7546263631,	-73.9250530014


k=19
40.7546273269,	-73.9250526205
40.7374016207,	-73.9861170147
40.6467403504,	-73.7843346351
40.8151514873,	-73.9457563908
40.7603102406,	-73.970747709
40.7709717329,	-73.8690883359
40.7607514693,	-73.9864359812
40.7129038047,	-74.0098629241
40.7805936823,	-73.9528393791
40.7358158201,	-74.0027901165
40.7498161987,	-73.9778620496
40.7762345531,	-73.9816193135
40.6815895629,	-73.9841148228
40.723965946,	-73.992042095
40.7058356301,	-73.9480877455
40.7924764757,	-73.9706919855
40.7694480593,	-73.9593613643
40.7020354312,	-74.204552088
40.7493338794,	-73.9939774255


k=20
40.7546511529,	-73.9249980535
40.7533288493,	-73.9917482676
40.6467403504,	-73.7843346351
40.7604710403,	-73.9694374766
40.7117435138,	-74.0104091671
40.7262547753,	-73.9875211839
40.7701352768,	-73.9590863395
40.7709656774,	-73.8690902154
40.8155969482,	-73.9454538127
40.7507240263,	-73.9772274178
40.6816849728,	-73.9841136685
40.7636861308,	-73.9834213184
40.7935858679,	-73.9698724543
40.7270154901,	-74.0013150154
40.7401520199,	-73.9869956837
40.7020354312,	-74.204552088
40.7808169458,	-73.9525156111
40.7058348175,	-73.9480889936
40.7787616288,	-73.9806169377
40.7423318945,	-74.001960061